101263
10169,3237-132-3231,6334-242-3231,8699-325-3231,8821-333-3231,20850-572-3231,25184-647-3231,39124-926-3231,39126-929-3231,3231-123-6334,20850-574-6334,3231-127-39131,6334-245-39131,3231-125-17798,39131-936-17798
10174
10183
1026
102879
102884
1033
1035
10435
10796
10798
10981
11148
11326
11335
11339
11342
116021
116528
117,130-11-39403,13960-465-130,39403-952-130
1213
12158
12165
12169
12194
12198
12211
12275
12330
12347
12350
123825
124064
124224
12439
1246
124734
12558
12576
12631
128,130-11-39403,13960-465-130,39403-952-130
131042
13193
13205
13212
13269
134315
134320
135464
135765
1365
13652
13654
13656
13658
136665
137130
13717
137790
137956
1385
13885
13917
13960
13966
13982,13982-470-34979,34979-853-13982
14062
141342
14428
14431
144408
144701
145384
14545
14549
15076
152731
15429
155158
15670
158614
15889
15892
16008,3187-110-5086,3191-112-5086,3192-115-3191,5086-173-3191,3191-111-3192,5086-174-3192
162664
164
16437,16471-499-16474,16474-502-16471,16470-498-16437,16474-501-16437
16451
16471,16471-499-16474,16474-502-16471
166989
16819
1688
17201
17476
1817
18251
18532
18615,5038-156-4660,18615-526-4660,4660-149-18615
18619,5038-156-4660,18615-526-4660,4660-149-18615
18770
18774
18781
18785
18811
18815
18833
189566,130-11-39403,13960-465-130,39403-952-130,130-10-36802,37888-897-36802
19045
194609
1949
1952
1956
195792
19621
20179
20180
20193
20526
20528
20584
20593
20601
20850
20920
20924
20942
210871
218682
22229
22241
22386
22564
22566
22869
22874
22876
22883
230879
23116
232606
233106
23448
23507
23545
23738
237489
23774
24043
24966
25181
253762
25413
25772
25794
2654
2658
2663
2665
26850
2696
2698
2702
27174
27510
27514
27530
27543
27606
27631
27895
28227
28254
28265
28278
28287
28290
28359
28412
28447
28456
28485
28487
28489
28504
28632
28641
28649
28674
28957
28964
29723,37884-896-6818,6818-264-29723,35905-875-29723,29723-764-35905
300806,6818-264-29723,35905-875-29723,29723-764-35905,37884-896-6818
30817
3084
30895
30901
30934
3095
3097
3101
31043
3112
31353
31483
31489
31863
3187
3192,3187-110-5086,3191-112-5086,3191-111-3192,5086-174-3192,3192-115-3191,5086-173-3191
3220
32260
3231,3231-123-6334,20850-574-6334,3237-132-3231,6334-242-3231,8699-325-3231,8821-333-3231,20850-572-3231,25184-647-3231,39124-926-3231,39126-929-3231
3233
3237
3240
32688
330148
33412
33818
33823
33904
34082
34257
34266
342802
34961
35061
35070
35335
35490
35797
35852
35854
35863
35922
36145
36167
365294
36620
36802,13960-465-130,39403-952-130,130-11-39403,130-10-36802,37888-897-36802
368431
37483
38000
3828
38480
38839
38846
39124
39126
39131,3237-132-3231,6334-242-3231,8699-325-3231,8821-333-3231,20850-572-3231,25184-647-3231,39124-926-3231,39126-929-3231,3231-123-6334,20850-574-6334
39199
39210
3932
39403,13960-465-130,39403-952-130,130-11-39403
39474
39890,3187-110-5086,3191-112-5086,3191-111-3192,5086-174-3192,3192-115-3191,5086-173-3191,3191-114-39890
39904
40124
40131
40135
40151
40605
40922
41417
41666
41714,1034-42-1033,1033-39-41714,44455-999-41714,41714-981-44455
41732
42207
42209
42221
42847
4335
434
43639
44368
444191
4584
4649
46887
4878
49482
49660
49811
50336
50354
504
506
5062
5064
5075
5086,3187-110-5086,3191-112-5086,3191-111-3192,5086-174-3192,3192-115-3191,5086-173-3191
51049,3187-110-5086,3191-112-5086,3192-115-3191,5086-173-3191,3191-111-3192,5086-174-3192,3191-114-39890
51180
54129
54550
5462
5600
566653
566664
56709
57119
58268
58758
6151
6155
6184
6209
6210
6214
62274
6238
62676
6311
633081
642621
643239
64519
646289
6539
66982
66986
672064
672071
67246
67415
6771
6775
6784
6814
6818
6898
6913
6917
69198
6935,4660-149-18615,5038-156-4660,18615-526-4660
6939
696345
7022
7297
73119
73146
7419
74749
7532
77438
77515
77829
78552
79809
80656
82920
83725
84021
85299
853115
85688
8591
86359
8687
87482
8766
8821
8832
8865
887
8872
8874
89547
906
90655
90888
91852
92589
940
95225
95719
9581
9716
97377
97645
10177
101811
10186
1034
103482
10430
10531
10793
108047
11093
11325
114,13960-465-130,39403-952-130,130-11-39403
117315
117328
12155
12182,5038-156-4660,18615-526-4660,4660-149-18615
12195
12197
12199
12210
12238
12247
12337,16471-499-16474,16474-502-16471
123556
12359
12638
126793
1272,4660-149-18615,5038-156-4660,18615-526-4660,23545-638-27230,6941-291-6923,20857-576-6923,30901-774-30895
12946
12960
130,130-11-39403,13960-465-130,39403-952-130
13024
13136
13208
135766
13686
137380
137849
13972
14083
141596
143323
14429
14430
145176
14807
1481
15431
157805
15987,3187-110-5086,3191-112-5086,3192-115-3191,5086-173-3191,3191-111-3192,5086-174-3192,3192-116-15987
16461
16470
16474,16474-502-16471,16471-499-16474
16476,16471-499-16474,16474-502-16471
16485
16843
1694
1717
17208
17242
17477
177115
17798,3237-132-3231,6334-242-3231,8699-325-3231,8821-333-3231,20850-572-3231,25184-647-3231,39124-926-3231,39126-929-3231,3231-123-6334,20850-574-6334,3231-127-39131,6334-245-39131,3231-125-17798,39131-936-17798
1786
18582
18777
18812
18832
18834
1919
19231
193742
194617
1951
1953
1955
1959
19697
197452
198653
1997
1999
20178
202639
20534
20592
20602
20833
20857
20923
20972
210872
213246
215912
219239
22431
22563
22835
22875
22886
23069
23070
23258
232605
23502
2354
23546
237521
2440,4660-149-18615,5038-156-4660,18615-526-4660,23545-638-27230,27230-670-23546,6941-291-6923,20857-576-6923
24974
25184
255233
25702
25791
25805
263553
2653,5038-156-4660,18615-526-4660,4660-149-18615
2695
27199
27230
27249
27250
27531
27535
27612
27623
27627
27632
28026
28202
28336
28350
28387
28471
28473
28640
288
28851
289885
294030
29492
29708
307015
3085
30973
310530
31097
31336
31349
31479
31769
3191,3187-110-5086,3191-112-5086,3192-115-3191,5086-173-3191,3191-111-3192,5086-174-3192
31927
31932
32083
3218
32276
3229
3232
3236
3243
32698
32872
33013
33301
33303
33325
33895
33907
34263
34315
34355
34708
34979,34979-853-13982,13982-470-34979
35,1033-39-41714,44455-999-41714,41714-981-44455,1034-42-1033
35343
35778
35905,6818-264-29723,35905-875-29723,29723-764-35905,37884-896-6818
36131
36140
36162
37541
37884
37888
37998
38205
38722
38829
38845
39127,3237-132-3231,6334-242-3231,8699-325-3231,8821-333-3231,20850-572-3231,25184-647-3231,39124-926-3231,39126-929-3231,3231-123-6334,20850-574-6334,3231-126-39127
39130
39165
40
40125
40583
41216
424
43186
4329
4330
43698
44017
44455,1033-39-41714,44455-999-41714,41714-981-44455,1034-42-1033
45052
45533
45605
4637
46468
46491
46547
4660,4660-149-18615,5038-156-4660,18615-526-4660
4804
4983
50337
5038
503893
5069
50838
51866
51879
51934
52515
5348
563613
56708
57932
5869
5959
59626
5966
59772
59798
61069
6125
6130
6152
6163,13960-465-130,39403-952-130,130-11-39403
6169
6170
6196
6213
6215
6217
6220
6224
62417
6318
632874
6334,3237-132-3231,6334-242-3231,8699-325-3231,8821-333-3231,20850-572-3231,25184-647-3231,39124-926-3231,39126-929-3231,3231-123-6334,20850-574-6334
633585
6378
6385
63915
63931
64271
643221
646286
65074
65212
65650
6639
66594
66596
66990
672070
67245
6741
6767,3231-123-6334,20850-574-6334,3237-132-3231,6334-242-3231,8699-325-3231,8821-333-3231,20850-572-3231,25184-647-3231,39124-926-3231,39126-929-3231
6910
6923
6925
6941
7032
7047
70520
7272
7276
72908
73323
7430
7432
74427
74698
74700
74975
75121
7537
77758
77826
78511
78555
78557
7867
80491
8079
8213
8224
82664
82666
83449
853114
853116
8581
8594
8617
8619
86923
8699
8703
87915
8875
89416
910,37884-896-6818,6818-264-29723,35905-875-29723,29723-764-35905
91581
91853
936
93923
941
943
9513
9515
95594
95642
95718
9586
9708
97390
